130 0
6 0
73 0
140 0
334 0
16 0
214 0
153 0
91 0
351 0
160 0
165 0
294 0
103 0
170 0
300 0
46 0
180 0
309 0
187 0
-1 -65 0
-1 -129 0
-1 -193 0
-65 -129 0
-65 -193 0
-129 -193 0
1 65 129 193 0
-257 0
-321 0
-2 -66 0
-2 -130 0
-2 -194 0
-66 -130 0
-66 -194 0
-130 -194 0
2 66 130 194 0
-258 0
-322 0
-9 -73 0
-9 -137 0
-9 -201 0
-73 -137 0
-73 -201 0
-137 -201 0
9 73 137 201 0
-265 0
-329 0
-10 -74 0
-10 -138 0
-10 -202 0
-74 -138 0
-74 -202 0
-138 -202 0
10 74 138 202 0
-266 0
-330 0
-3 -67 0
3 67 0
-131 0
-195 0
-259 0
-323 0
-4 -68 0
4 68 0
-132 0
-196 0
-260 0
-324 0
-5 -69 0
-5 -133 0
-5 -197 0
-5 -261 0
-5 -325 0
-69 -133 0
-69 -197 0
-69 -261 0
-69 -325 0
-133 -197 0
-133 -261 0
-133 -325 0
-197 -261 0
-197 -325 0
-261 -325 0
5 69 133 197 261 325 0
-12 -76 0
-12 -140 0
-12 -204 0
-12 -268 0
-12 -332 0
-76 -140 0
-76 -204 0
-76 -268 0
-76 -332 0
-140 -204 0
-140 -268 0
-140 -332 0
-204 -268 0
-204 -332 0
-268 -332 0
12 76 140 204 268 332 0
-13 -77 0
-13 -141 0
-13 -205 0
-13 -269 0
-13 -333 0
-77 -141 0
-77 -205 0
-77 -269 0
-77 -333 0
-141 -205 0
-141 -269 0
-141 -333 0
-205 -269 0
-205 -333 0
-269 -333 0
13 77 141 205 269 333 0
-14 -78 0
-14 -142 0
-14 -206 0
-14 -270 0
-14 -334 0
-78 -142 0
-78 -206 0
-78 -270 0
-78 -334 0
-142 -206 0
-142 -270 0
-142 -334 0
-206 -270 0
-206 -334 0
-270 -334 0
14 78 142 206 270 334 0
-15 -79 0
-15 -143 0
-15 -207 0
-15 -271 0
-15 -335 0
-79 -143 0
-79 -207 0
-79 -271 0
-79 -335 0
-143 -207 0
-143 -271 0
-143 -335 0
-207 -271 0
-207 -335 0
-271 -335 0
15 79 143 207 271 335 0
-23 -87 0
-23 -151 0
-23 -215 0
-23 -279 0
-23 -343 0
-87 -151 0
-87 -215 0
-87 -279 0
-87 -343 0
-151 -215 0
-151 -279 0
-151 -343 0
-215 -279 0
-215 -343 0
-279 -343 0
23 87 151 215 279 343 0
-6 -70 0
6 70 0
-134 0
-198 0
-262 0
-326 0
-7 -71 0
7 71 0
-135 0
-199 0
-263 0
-327 0
-8 -72 0
-8 -136 0
-8 -200 0
-72 -136 0
-72 -200 0
-136 -200 0
8 72 136 200 0
-264 0
-328 0
-16 -80 0
-16 -144 0
-16 -208 0
-80 -144 0
-80 -208 0
-144 -208 0
16 80 144 208 0
-272 0
-336 0
-24 -88 0
-24 -152 0
-24 -216 0
-88 -152 0
-88 -216 0
-152 -216 0
24 88 152 216 0
-280 0
-344 0
-32 -96 0
-32 -160 0
-32 -224 0
-96 -160 0
-96 -224 0
-160 -224 0
32 96 160 224 0
-288 0
-352 0
11 0
-75 0
-139 0
-203 0
-267 0
-331 0
17 0
-81 0
-145 0
-209 0
-273 0
-337 0
-18 -82 0
-18 -146 0
-18 -210 0
-18 -274 0
-18 -338 0
-82 -146 0
-82 -210 0
-82 -274 0
-82 -338 0
-146 -210 0
-146 -274 0
-146 -338 0
-210 -274 0
-210 -338 0
-274 -338 0
18 82 146 210 274 338 0
-19 -83 0
-19 -147 0
-19 -211 0
-19 -275 0
-19 -339 0
-83 -147 0
-83 -211 0
-83 -275 0
-83 -339 0
-147 -211 0
-147 -275 0
-147 -339 0
-211 -275 0
-211 -339 0
-275 -339 0
19 83 147 211 275 339 0
-20 -84 0
-20 -148 0
-20 -212 0
-20 -276 0
-20 -340 0
-84 -148 0
-84 -212 0
-84 -276 0
-84 -340 0
-148 -212 0
-148 -276 0
-148 -340 0
-212 -276 0
-212 -340 0
-276 -340 0
20 84 148 212 276 340 0
-21 -85 0
-21 -149 0
-21 -213 0
-21 -277 0
-21 -341 0
-85 -149 0
-85 -213 0
-85 -277 0
-85 -341 0
-149 -213 0
-149 -277 0
-149 -341 0
-213 -277 0
-213 -341 0
-277 -341 0
21 85 149 213 277 341 0
-22 -86 0
-22 -150 0
-22 -214 0
-22 -278 0
-22 -342 0
-86 -150 0
-86 -214 0
-86 -278 0
-86 -342 0
-150 -214 0
-150 -278 0
-150 -342 0
-214 -278 0
-214 -342 0
-278 -342 0
22 86 150 214 278 342 0
-26 -90 0
-26 -154 0
-26 -218 0
-26 -282 0
-26 -346 0
-90 -154 0
-90 -218 0
-90 -282 0
-90 -346 0
-154 -218 0
-154 -282 0
-154 -346 0
-218 -282 0
-218 -346 0
-282 -346 0
26 90 154 218 282 346 0
-25 -89 0
-25 -153 0
-25 -217 0
-89 -153 0
-89 -217 0
-153 -217 0
25 89 153 217 0
-281 0
-345 0
-33 -97 0
-33 -161 0
-33 -225 0
-97 -161 0
-97 -225 0
-161 -225 0
33 97 161 225 0
-289 0
-353 0
-41 -105 0
-41 -169 0
-41 -233 0
-105 -169 0
-105 -233 0
-169 -233 0
41 105 169 233 0
-297 0
-361 0
-49 -113 0
-49 -177 0
-49 -241 0
-113 -177 0
-113 -241 0
-177 -241 0
49 113 177 241 0
-305 0
-369 0
-27 -91 0
-27 -155 0
-27 -219 0
-91 -155 0
-91 -219 0
-155 -219 0
27 91 155 219 0
-283 0
-347 0
-34 -98 0
-34 -162 0
-34 -226 0
-98 -162 0
-98 -226 0
-162 -226 0
34 98 162 226 0
-290 0
-354 0
-35 -99 0
-35 -163 0
-35 -227 0
-99 -163 0
-99 -227 0
-163 -227 0
35 99 163 227 0
-291 0
-355 0
-42 -106 0
-42 -170 0
-42 -234 0
-106 -170 0
-106 -234 0
-170 -234 0
42 106 170 234 0
-298 0
-362 0
28 0
-92 0
-156 0
-220 0
-284 0
-348 0
-29 -93 0
-29 -157 0
-29 -221 0
-29 -285 0
-29 -349 0
-93 -157 0
-93 -221 0
-93 -285 0
-93 -349 0
-157 -221 0
-157 -285 0
-157 -349 0
-221 -285 0
-221 -349 0
-285 -349 0
29 93 157 221 285 349 0
-30 -94 0
-30 -158 0
-30 -222 0
-30 -286 0
-30 -350 0
-94 -158 0
-94 -222 0
-94 -286 0
-94 -350 0
-158 -222 0
-158 -286 0
-158 -350 0
-222 -286 0
-222 -350 0
-286 -350 0
30 94 158 222 286 350 0
-36 -100 0
-36 -164 0
-36 -228 0
-36 -292 0
-36 -356 0
-100 -164 0
-100 -228 0
-100 -292 0
-100 -356 0
-164 -228 0
-164 -292 0
-164 -356 0
-228 -292 0
-228 -356 0
-292 -356 0
36 100 164 228 292 356 0
-37 -101 0
-37 -165 0
-37 -229 0
-37 -293 0
-37 -357 0
-101 -165 0
-101 -229 0
-101 -293 0
-101 -357 0
-165 -229 0
-165 -293 0
-165 -357 0
-229 -293 0
-229 -357 0
-293 -357 0
37 101 165 229 293 357 0
-44 -108 0
-44 -172 0
-44 -236 0
-44 -300 0
-44 -364 0
-108 -172 0
-108 -236 0
-108 -300 0
-108 -364 0
-172 -236 0
-172 -300 0
-172 -364 0
-236 -300 0
-236 -364 0
-300 -364 0
44 108 172 236 300 364 0
-45 -109 0
-45 -173 0
-45 -237 0
-45 -301 0
-45 -365 0
-109 -173 0
-109 -237 0
-109 -301 0
-109 -365 0
-173 -237 0
-173 -301 0
-173 -365 0
-237 -301 0
-237 -365 0
-301 -365 0
45 109 173 237 301 365 0
-31 -95 0
-31 -159 0
-31 -223 0
-31 -287 0
-31 -351 0
-95 -159 0
-95 -223 0
-95 -287 0
-95 -351 0
-159 -223 0
-159 -287 0
-159 -351 0
-223 -287 0
-223 -351 0
-287 -351 0
31 95 159 223 287 351 0
-38 -102 0
-38 -166 0
-38 -230 0
-38 -294 0
-38 -358 0
-102 -166 0
-102 -230 0
-102 -294 0
-102 -358 0
-166 -230 0
-166 -294 0
-166 -358 0
-230 -294 0
-230 -358 0
-294 -358 0
38 102 166 230 294 358 0
-39 -103 0
-39 -167 0
-39 -231 0
-39 -295 0
-39 -359 0
-103 -167 0
-103 -231 0
-103 -295 0
-103 -359 0
-167 -231 0
-167 -295 0
-167 -359 0
-231 -295 0
-231 -359 0
-295 -359 0
39 103 167 231 295 359 0
-40 -104 0
-40 -168 0
-40 -232 0
-40 -296 0
-40 -360 0
-104 -168 0
-104 -232 0
-104 -296 0
-104 -360 0
-168 -232 0
-168 -296 0
-168 -360 0
-232 -296 0
-232 -360 0
-296 -360 0
40 104 168 232 296 360 0
-47 -111 0
-47 -175 0
-47 -239 0
-47 -303 0
-47 -367 0
-111 -175 0
-111 -239 0
-111 -303 0
-111 -367 0
-175 -239 0
-175 -303 0
-175 -367 0
-239 -303 0
-239 -367 0
-303 -367 0
47 111 175 239 303 367 0
-48 -112 0
-48 -176 0
-48 -240 0
-48 -304 0
-48 -368 0
-112 -176 0
-112 -240 0
-112 -304 0
-112 -368 0
-176 -240 0
-176 -304 0
-176 -368 0
-240 -304 0
-240 -368 0
-304 -368 0
48 112 176 240 304 368 0
-43 -107 0
43 107 0
-171 0
-235 0
-299 0
-363 0
-51 -115 0
51 115 0
-179 0
-243 0
-307 0
-371 0
-46 -110 0
-46 -174 0
-46 -238 0
-46 -302 0
-110 -174 0
-110 -238 0
-110 -302 0
-174 -238 0
-174 -302 0
-238 -302 0
46 110 174 238 302 0
-366 0
-52 -116 0
-52 -180 0
-52 -244 0
-52 -308 0
-116 -180 0
-116 -244 0
-116 -308 0
-180 -244 0
-180 -308 0
-244 -308 0
52 116 180 244 308 0
-372 0
-53 -117 0
-53 -181 0
-53 -245 0
-53 -309 0
-117 -181 0
-117 -245 0
-117 -309 0
-181 -245 0
-181 -309 0
-245 -309 0
53 117 181 245 309 0
-373 0
-54 -118 0
-54 -182 0
-54 -246 0
-54 -310 0
-118 -182 0
-118 -246 0
-118 -310 0
-182 -246 0
-182 -310 0
-246 -310 0
54 118 182 246 310 0
-374 0
-55 -119 0
-55 -183 0
-55 -247 0
-55 -311 0
-119 -183 0
-119 -247 0
-119 -311 0
-183 -247 0
-183 -311 0
-247 -311 0
55 119 183 247 311 0
-375 0
-50 -114 0
50 114 0
-178 0
-242 0
-306 0
-370 0
-58 -122 0
58 122 0
-186 0
-250 0
-314 0
-378 0
-56 -120 0
56 120 0
-184 0
-248 0
-312 0
-376 0
-64 -128 0
64 128 0
-192 0
-256 0
-320 0
-384 0
57 0
-121 0
-185 0
-249 0
-313 0
-377 0
-59 -123 0
-59 -187 0
-59 -251 0
-123 -187 0
-123 -251 0
-187 -251 0
59 123 187 251 0
-315 0
-379 0
-60 -124 0
-60 -188 0
-60 -252 0
-124 -188 0
-124 -252 0
-188 -252 0
60 124 188 252 0
-316 0
-380 0
-61 -125 0
-61 -189 0
-61 -253 0
-125 -189 0
-125 -253 0
-189 -253 0
61 125 189 253 0
-317 0
-381 0
-62 -126 0
-62 -190 0
-62 -254 0
-126 -190 0
-126 -254 0
-190 -254 0
62 126 190 254 0
-318 0
-382 0
63 0
-127 0
-191 0
-255 0
-319 0
-383 0
-1 -2 0
-65 -66 0
-129 -130 0
-193 -194 0
-1 -9 0
-65 -73 0
-129 -137 0
-193 -201 0
-1 -10 0
-65 -74 0
-129 -138 0
-193 -202 0
-2 -9 0
-66 -73 0
-130 -137 0
-194 -201 0
-2 -10 0
-66 -74 0
-130 -138 0
-194 -202 0
-9 -10 0
-73 -74 0
-137 -138 0
-201 -202 0
-3 -4 0
-67 -68 0
-5 -12 0
-69 -76 0
-133 -140 0
-197 -204 0
-261 -268 0
-325 -332 0
-5 -13 0
-69 -77 0
-133 -141 0
-197 -205 0
-261 -269 0
-325 -333 0
-5 -14 0
-69 -78 0
-133 -142 0
-197 -206 0
-261 -270 0
-325 -334 0
-5 -15 0
-69 -79 0
-133 -143 0
-197 -207 0
-261 -271 0
-325 -335 0
-5 -23 0
-69 -87 0
-133 -151 0
-197 -215 0
-261 -279 0
-325 -343 0
-12 -13 0
-76 -77 0
-140 -141 0
-204 -205 0
-268 -269 0
-332 -333 0
-12 -14 0
-76 -78 0
-140 -142 0
-204 -206 0
-268 -270 0
-332 -334 0
-12 -15 0
-76 -79 0
-140 -143 0
-204 -207 0
-268 -271 0
-332 -335 0
-12 -23 0
-76 -87 0
-140 -151 0
-204 -215 0
-268 -279 0
-332 -343 0
-13 -14 0
-77 -78 0
-141 -142 0
-205 -206 0
-269 -270 0
-333 -334 0
-13 -15 0
-77 -79 0
-141 -143 0
-205 -207 0
-269 -271 0
-333 -335 0
-13 -23 0
-77 -87 0
-141 -151 0
-205 -215 0
-269 -279 0
-333 -343 0
-14 -15 0
-78 -79 0
-142 -143 0
-206 -207 0
-270 -271 0
-334 -335 0
-14 -23 0
-78 -87 0
-142 -151 0
-206 -215 0
-270 -279 0
-334 -343 0
-15 -23 0
-79 -87 0
-143 -151 0
-207 -215 0
-271 -279 0
-335 -343 0
-6 -7 0
-70 -71 0
-8 -16 0
-72 -80 0
-136 -144 0
-200 -208 0
-8 -24 0
-72 -88 0
-136 -152 0
-200 -216 0
-8 -32 0
-72 -96 0
-136 -160 0
-200 -224 0
-16 -24 0
-80 -88 0
-144 -152 0
-208 -216 0
-16 -32 0
-80 -96 0
-144 -160 0
-208 -224 0
-24 -32 0
-88 -96 0
-152 -160 0
-216 -224 0
-18 -19 0
-82 -83 0
-146 -147 0
-210 -211 0
-274 -275 0
-338 -339 0
-18 -20 0
-82 -84 0
-146 -148 0
-210 -212 0
-274 -276 0
-338 -340 0
-18 -21 0
-82 -85 0
-146 -149 0
-210 -213 0
-274 -277 0
-338 -341 0
-18 -22 0
-82 -86 0
-146 -150 0
-210 -214 0
-274 -278 0
-338 -342 0
-18 -26 0
-82 -90 0
-146 -154 0
-210 -218 0
-274 -282 0
-338 -346 0
-19 -20 0
-83 -84 0
-147 -148 0
-211 -212 0
-275 -276 0
-339 -340 0
-19 -21 0
-83 -85 0
-147 -149 0
-211 -213 0
-275 -277 0
-339 -341 0
-19 -22 0
-83 -86 0
-147 -150 0
-211 -214 0
-275 -278 0
-339 -342 0
-19 -26 0
-83 -90 0
-147 -154 0
-211 -218 0
-275 -282 0
-339 -346 0
-20 -21 0
-84 -85 0
-148 -149 0
-212 -213 0
-276 -277 0
-340 -341 0
-20 -22 0
-84 -86 0
-148 -150 0
-212 -214 0
-276 -278 0
-340 -342 0
-20 -26 0
-84 -90 0
-148 -154 0
-212 -218 0
-276 -282 0
-340 -346 0
-21 -22 0
-85 -86 0
-149 -150 0
-213 -214 0
-277 -278 0
-341 -342 0
-21 -26 0
-85 -90 0
-149 -154 0
-213 -218 0
-277 -282 0
-341 -346 0
-22 -26 0
-86 -90 0
-150 -154 0
-214 -218 0
-278 -282 0
-342 -346 0
-25 -33 0
-89 -97 0
-153 -161 0
-217 -225 0
-25 -41 0
-89 -105 0
-153 -169 0
-217 -233 0
-25 -49 0
-89 -113 0
-153 -177 0
-217 -241 0
-33 -41 0
-97 -105 0
-161 -169 0
-225 -233 0
-33 -49 0
-97 -113 0
-161 -177 0
-225 -241 0
-41 -49 0
-105 -113 0
-169 -177 0
-233 -241 0
-27 -34 0
-91 -98 0
-155 -162 0
-219 -226 0
-27 -35 0
-91 -99 0
-155 -163 0
-219 -227 0
-27 -42 0
-91 -106 0
-155 -170 0
-219 -234 0
-34 -35 0
-98 -99 0
-162 -163 0
-226 -227 0
-34 -42 0
-98 -106 0
-162 -170 0
-226 -234 0
-35 -42 0
-99 -106 0
-163 -170 0
-227 -234 0
-29 -30 0
-93 -94 0
-157 -158 0
-221 -222 0
-285 -286 0
-349 -350 0
-29 -36 0
-93 -100 0
-157 -164 0
-221 -228 0
-285 -292 0
-349 -356 0
-29 -37 0
-93 -101 0
-157 -165 0
-221 -229 0
-285 -293 0
-349 -357 0
-29 -44 0
-93 -108 0
-157 -172 0
-221 -236 0
-285 -300 0
-349 -364 0
-29 -45 0
-93 -109 0
-157 -173 0
-221 -237 0
-285 -301 0
-349 -365 0
-30 -36 0
-94 -100 0
-158 -164 0
-222 -228 0
-286 -292 0
-350 -356 0
-30 -37 0
-94 -101 0
-158 -165 0
-222 -229 0
-286 -293 0
-350 -357 0
-30 -44 0
-94 -108 0
-158 -172 0
-222 -236 0
-286 -300 0
-350 -364 0
-30 -45 0
-94 -109 0
-158 -173 0
-222 -237 0
-286 -301 0
-350 -365 0
-36 -37 0
-100 -101 0
-164 -165 0
-228 -229 0
-292 -293 0
-356 -357 0
-36 -44 0
-100 -108 0
-164 -172 0
-228 -236 0
-292 -300 0
-356 -364 0
-36 -45 0
-100 -109 0
-164 -173 0
-228 -237 0
-292 -301 0
-356 -365 0
-37 -44 0
-101 -108 0
-165 -172 0
-229 -236 0
-293 -300 0
-357 -364 0
-37 -45 0
-101 -109 0
-165 -173 0
-229 -237 0
-293 -301 0
-357 -365 0
-44 -45 0
-108 -109 0
-172 -173 0
-236 -237 0
-300 -301 0
-364 -365 0
-31 -38 0
-95 -102 0
-159 -166 0
-223 -230 0
-287 -294 0
-351 -358 0
-31 -39 0
-95 -103 0
-159 -167 0
-223 -231 0
-287 -295 0
-351 -359 0
-31 -40 0
-95 -104 0
-159 -168 0
-223 -232 0
-287 -296 0
-351 -360 0
-31 -47 0
-95 -111 0
-159 -175 0
-223 -239 0
-287 -303 0
-351 -367 0
-31 -48 0
-95 -112 0
-159 -176 0
-223 -240 0
-287 -304 0
-351 -368 0
-38 -39 0
-102 -103 0
-166 -167 0
-230 -231 0
-294 -295 0
-358 -359 0
-38 -40 0
-102 -104 0
-166 -168 0
-230 -232 0
-294 -296 0
-358 -360 0
-38 -47 0
-102 -111 0
-166 -175 0
-230 -239 0
-294 -303 0
-358 -367 0
-38 -48 0
-102 -112 0
-166 -176 0
-230 -240 0
-294 -304 0
-358 -368 0
-39 -40 0
-103 -104 0
-167 -168 0
-231 -232 0
-295 -296 0
-359 -360 0
-39 -47 0
-103 -111 0
-167 -175 0
-231 -239 0
-295 -303 0
-359 -367 0
-39 -48 0
-103 -112 0
-167 -176 0
-231 -240 0
-295 -304 0
-359 -368 0
-40 -47 0
-104 -111 0
-168 -175 0
-232 -239 0
-296 -303 0
-360 -367 0
-40 -48 0
-104 -112 0
-168 -176 0
-232 -240 0
-296 -304 0
-360 -368 0
-47 -48 0
-111 -112 0
-175 -176 0
-239 -240 0
-303 -304 0
-367 -368 0
-43 -51 0
-107 -115 0
-46 -52 0
-110 -116 0
-174 -180 0
-238 -244 0
-302 -308 0
-46 -53 0
-110 -117 0
-174 -181 0
-238 -245 0
-302 -309 0
-46 -54 0
-110 -118 0
-174 -182 0
-238 -246 0
-302 -310 0
-46 -55 0
-110 -119 0
-174 -183 0
-238 -247 0
-302 -311 0
-52 -53 0
-116 -117 0
-180 -181 0
-244 -245 0
-308 -309 0
-52 -54 0
-116 -118 0
-180 -182 0
-244 -246 0
-308 -310 0
-52 -55 0
-116 -119 0
-180 -183 0
-244 -247 0
-308 -311 0
-53 -54 0
-117 -118 0
-181 -182 0
-245 -246 0
-309 -310 0
-53 -55 0
-117 -119 0
-181 -183 0
-245 -247 0
-309 -311 0
-54 -55 0
-118 -119 0
-182 -183 0
-246 -247 0
-310 -311 0
-50 -58 0
-114 -122 0
-56 -64 0
-120 -128 0
-59 -60 0
-123 -124 0
-187 -188 0
-251 -252 0
-59 -61 0
-123 -125 0
-187 -189 0
-251 -253 0
-59 -62 0
-123 -126 0
-187 -190 0
-251 -254 0
-60 -61 0
-124 -125 0
-188 -189 0
-252 -253 0
-60 -62 0
-124 -126 0
-188 -190 0
-252 -254 0
-61 -62 0
-125 -126 0
-189 -190 0
-253 -254 0
-1 -9 0
-1 -2 0
-65 -73 0
-65 -66 0
-65 -81 0
-65 -67 0
-129 -137 0
-129 -130 0
-129 -145 0
-129 -131 0
-129 -153 0
-129 -132 0
-193 -201 0
-193 -194 0
-193 -209 0
-193 -195 0
-193 -217 0
-193 -196 0
-193 -225 0
-193 -197 0
-2 -10 0
-2 -3 0
-2 -1 0
-66 -74 0
-66 -67 0
-66 -65 0
-66 -82 0
-66 -68 0
-130 -138 0
-130 -131 0
-130 -129 0
-130 -146 0
-130 -132 0
-130 -154 0
-130 -133 0
-194 -202 0
-194 -195 0
-194 -193 0
-194 -210 0
-194 -196 0
-194 -218 0
-194 -197 0
-194 -226 0
-194 -198 0
-9 -1 0
-9 -17 0
-9 -10 0
-73 -65 0
-73 -81 0
-73 -74 0
-73 -89 0
-73 -75 0
-137 -129 0
-137 -145 0
-137 -138 0
-137 -153 0
-137 -139 0
-137 -161 0
-137 -140 0
-201 -193 0
-201 -209 0
-201 -202 0
-201 -217 0
-201 -203 0
-201 -225 0
-201 -204 0
-201 -233 0
-201 -205 0
-10 -2 0
-10 -18 0
-10 -11 0
-10 -9 0
-74 -66 0
-74 -82 0
-74 -75 0
-74 -73 0
-74 -90 0
-74 -76 0
-138 -130 0
-138 -146 0
-138 -139 0
-138 -137 0
-138 -154 0
-138 -140 0
-138 -162 0
-138 -141 0
-202 -194 0
-202 -210 0
-202 -203 0
-202 -201 0
-202 -218 0
-202 -204 0
-202 -226 0
-202 -205 0
-202 -234 0
-202 -206 0
-3 -11 0
-3 -4 0
-3 -2 0
-67 -75 0
-67 -68 0
-67 -66 0
-67 -83 0
-67 -69 0
-67 -65 0
-4 -12 0
-4 -5 0
-4 -3 0
-68 -76 0
-68 -69 0
-68 -67 0
-68 -84 0
-68 -70 0
-68 -66 0
-5 -13 0
-5 -6 0
-5 -4 0
-69 -77 0
-69 -70 0
-69 -68 0
-69 -85 0
-69 -71 0
-69 -67 0
-133 -141 0
-133 -134 0
-133 -132 0
-133 -149 0
-133 -135 0
-133 -131 0
-133 -157 0
-133 -136 0
-133 -130 0
-197 -205 0
-197 -198 0
-197 -196 0
-197 -213 0
-197 -199 0
-197 -195 0
-197 -221 0
-197 -200 0
-197 -194 0
-197 -229 0
-197 -193 0
-261 -269 0
-261 -262 0
-261 -260 0
-261 -277 0
-261 -263 0
-261 -259 0
-261 -285 0
-261 -264 0
-261 -258 0
-261 -293 0
-261 -257 0
-261 -301 0
-325 -333 0
-325 -326 0
-325 -324 0
-325 -341 0
-325 -327 0
-325 -323 0
-325 -349 0
-325 -328 0
-325 -322 0
-325 -357 0
-325 -321 0
-325 -365 0
-325 -373 0
-12 -4 0
-12 -20 0
-12 -13 0
-12 -11 0
-76 -68 0
-76 -84 0
-76 -77 0
-76 -75 0
-76 -92 0
-76 -78 0
-76 -74 0
-140 -132 0
-140 -148 0
-140 -141 0
-140 -139 0
-140 -156 0
-140 -142 0
-140 -138 0
-140 -164 0
-140 -143 0
-140 -137 0
-204 -196 0
-204 -212 0
-204 -205 0
-204 -203 0
-204 -220 0
-204 -206 0
-204 -202 0
-204 -228 0
-204 -207 0
-204 -201 0
-204 -236 0
-204 -208 0
-268 -260 0
-268 -276 0
-268 -269 0
-268 -267 0
-268 -284 0
-268 -270 0
-268 -266 0
-268 -292 0
-268 -271 0
-268 -265 0
-268 -300 0
-268 -272 0
-268 -308 0
-332 -324 0
-332 -340 0
-332 -333 0
-332 -331 0
-332 -348 0
-332 -334 0
-332 -330 0
-332 -356 0
-332 -335 0
-332 -329 0
-332 -364 0
-332 -336 0
-332 -372 0
-332 -380 0
-13 -5 0
-13 -21 0
-13 -14 0
-13 -12 0
-77 -69 0
-77 -85 0
-77 -78 0
-77 -76 0
-77 -93 0
-77 -79 0
-77 -75 0
-141 -133 0
-141 -149 0
-141 -142 0
-141 -140 0
-141 -157 0
-141 -143 0
-141 -139 0
-141 -165 0
-141 -144 0
-141 -138 0
-205 -197 0
-205 -213 0
-205 -206 0
-205 -204 0
-205 -221 0
-205 -207 0
-205 -203 0
-205 -229 0
-205 -208 0
-205 -202 0
-205 -237 0
-205 -201 0
-269 -261 0
-269 -277 0
-269 -270 0
-269 -268 0
-269 -285 0
-269 -271 0
-269 -267 0
-269 -293 0
-269 -272 0
-269 -266 0
-269 -301 0
-269 -265 0
-269 -309 0
-333 -325 0
-333 -341 0
-333 -334 0
-333 -332 0
-333 -349 0
-333 -335 0
-333 -331 0
-333 -357 0
-333 -336 0
-333 -330 0
-333 -365 0
-333 -329 0
-333 -373 0
-333 -381 0
-14 -6 0
-14 -22 0
-14 -15 0
-14 -13 0
-78 -70 0
-78 -86 0
-78 -79 0
-78 -77 0
-78 -94 0
-78 -80 0
-78 -76 0
-142 -134 0
-142 -150 0
-142 -143 0
-142 -141 0
-142 -158 0
-142 -144 0
-142 -140 0
-142 -166 0
-142 -139 0
-206 -198 0
-206 -214 0
-206 -207 0
-206 -205 0
-206 -222 0
-206 -208 0
-206 -204 0
-206 -230 0
-206 -203 0
-206 -238 0
-206 -202 0
-270 -262 0
-270 -278 0
-270 -271 0
-270 -269 0
-270 -286 0
-270 -272 0
-270 -268 0
-270 -294 0
-270 -267 0
-270 -302 0
-270 -266 0
-270 -310 0
-270 -265 0
-334 -326 0
-334 -342 0
-334 -335 0
-334 -333 0
-334 -350 0
-334 -336 0
-334 -332 0
-334 -358 0
-334 -331 0
-334 -366 0
-334 -330 0
-334 -374 0
-334 -329 0
-334 -382 0
-15 -7 0
-15 -23 0
-15 -16 0
-15 -14 0
-79 -71 0
-79 -87 0
-79 -80 0
-79 -78 0
-79 -95 0
-79 -77 0
-143 -135 0
-143 -151 0
-143 -144 0
-143 -142 0
-143 -159 0
-143 -141 0
-143 -167 0
-143 -140 0
-207 -199 0
-207 -215 0
-207 -208 0
-207 -206 0
-207 -223 0
-207 -205 0
-207 -231 0
-207 -204 0
-207 -239 0
-207 -203 0
-271 -263 0
-271 -279 0
-271 -272 0
-271 -270 0
-271 -287 0
-271 -269 0
-271 -295 0
-271 -268 0
-271 -303 0
-271 -267 0
-271 -311 0
-271 -266 0
-335 -327 0
-335 -343 0
-335 -336 0
-335 -334 0
-335 -351 0
-335 -333 0
-335 -359 0
-335 -332 0
-335 -367 0
-335 -331 0
-335 -375 0
-335 -330 0
-335 -383 0
-335 -329 0
-23 -15 0
-23 -31 0
-23 -24 0
-23 -22 0
-87 -79 0
-87 -95 0
-87 -88 0
-87 -86 0
-87 -71 0
-87 -103 0
-87 -85 0
-151 -143 0
-151 -159 0
-151 -152 0
-151 -150 0
-151 -135 0
-151 -167 0
-151 -149 0
-151 -175 0
-151 -148 0
-215 -207 0
-215 -223 0
-215 -216 0
-215 -214 0
-215 -199 0
-215 -231 0
-215 -213 0
-215 -239 0
-215 -212 0
-215 -247 0
-215 -211 0
-279 -271 0
-279 -287 0
-279 -280 0
-279 -278 0
-279 -263 0
-279 -295 0
-279 -277 0
-279 -303 0
-279 -276 0
-279 -311 0
-279 -275 0
-279 -319 0
-279 -274 0
-343 -335 0
-343 -351 0
-343 -344 0
-343 -342 0
-343 -327 0
-343 -359 0
-343 -341 0
-343 -367 0
-343 -340 0
-343 -375 0
-343 -339 0
-343 -383 0
-343 -338 0
-343 -337 0
-6 -14 0
-6 -7 0
-6 -5 0
-70 -78 0
-70 -71 0
-70 -69 0
-70 -86 0
-70 -72 0
-70 -68 0
-7 -15 0
-7 -8 0
-7 -6 0
-71 -79 0
-71 -72 0
-71 -70 0
-71 -87 0
-71 -69 0
-8 -16 0
-8 -7 0
-72 -80 0
-72 -71 0
-72 -88 0
-72 -70 0
-136 -144 0
-136 -135 0
-136 -152 0
-136 -134 0
-136 -160 0
-136 -133 0
-200 -208 0
-200 -199 0
-200 -216 0
-200 -198 0
-200 -224 0
-200 -197 0
-200 -232 0
-200 -196 0
-16 -8 0
-16 -24 0
-16 -15 0
-80 -72 0
-80 -88 0
-80 -79 0
-80 -96 0
-80 -78 0
-144 -136 0
-144 -152 0
-144 -143 0
-144 -160 0
-144 -142 0
-144 -168 0
-144 -141 0
-208 -200 0
-208 -216 0
-208 -207 0
-208 -224 0
-208 -206 0
-208 -232 0
-208 -205 0
-208 -240 0
-208 -204 0
-24 -16 0
-24 -32 0
-24 -23 0
-88 -80 0
-88 -96 0
-88 -87 0
-88 -72 0
-88 -104 0
-88 -86 0
-152 -144 0
-152 -160 0
-152 -151 0
-152 -136 0
-152 -168 0
-152 -150 0
-152 -176 0
-152 -149 0
-216 -208 0
-216 -224 0
-216 -215 0
-216 -200 0
-216 -232 0
-216 -214 0
-216 -240 0
-216 -213 0
-216 -248 0
-216 -212 0
-32 -24 0
-32 -40 0
-32 -31 0
-96 -88 0
-96 -104 0
-96 -95 0
-96 -80 0
-96 -112 0
-96 -94 0
-160 -152 0
-160 -168 0
-160 -159 0
-160 -144 0
-160 -176 0
-160 -158 0
-160 -136 0
-160 -184 0
-160 -157 0
-224 -216 0
-224 -232 0
-224 -223 0
-224 -208 0
-224 -240 0
-224 -222 0
-224 -200 0
-224 -248 0
-224 -221 0
-224 -256 0
-224 -220 0
-11 -3 0
-11 -19 0
-11 -12 0
-11 -10 0
-17 -9 0
-17 -25 0
-17 -18 0
-18 -10 0
-18 -26 0
-18 -19 0
-18 -17 0
-82 -74 0
-82 -90 0
-82 -83 0
-82 -81 0
-82 -66 0
-82 -98 0
-82 -84 0
-146 -138 0
-146 -154 0
-146 -147 0
-146 -145 0
-146 -130 0
-146 -162 0
-146 -148 0
-146 -170 0
-146 -149 0
-210 -202 0
-210 -218 0
-210 -211 0
-210 -209 0
-210 -194 0
-210 -226 0
-210 -212 0
-210 -234 0
-210 -213 0
-210 -242 0
-210 -214 0
-274 -266 0
-274 -282 0
-274 -275 0
-274 -273 0
-274 -258 0
-274 -290 0
-274 -276 0
-274 -298 0
-274 -277 0
-274 -306 0
-274 -278 0
-274 -314 0
-274 -279 0
-338 -330 0
-338 -346 0
-338 -339 0
-338 -337 0
-338 -322 0
-338 -354 0
-338 -340 0
-338 -362 0
-338 -341 0
-338 -370 0
-338 -342 0
-338 -378 0
-338 -343 0
-338 -344 0
-19 -11 0
-19 -27 0
-19 -20 0
-19 -18 0
-83 -75 0
-83 -91 0
-83 -84 0
-83 -82 0
-83 -67 0
-83 -99 0
-83 -85 0
-83 -81 0
-147 -139 0
-147 -155 0
-147 -148 0
-147 -146 0
-147 -131 0
-147 -163 0
-147 -149 0
-147 -145 0
-147 -171 0
-147 -150 0
-211 -203 0
-211 -219 0
-211 -212 0
-211 -210 0
-211 -195 0
-211 -227 0
-211 -213 0
-211 -209 0
-211 -235 0
-211 -214 0
-211 -243 0
-211 -215 0
-275 -267 0
-275 -283 0
-275 -276 0
-275 -274 0
-275 -259 0
-275 -291 0
-275 -277 0
-275 -273 0
-275 -299 0
-275 -278 0
-275 -307 0
-275 -279 0
-275 -315 0
-275 -280 0
-339 -331 0
-339 -347 0
-339 -340 0
-339 -338 0
-339 -323 0
-339 -355 0
-339 -341 0
-339 -337 0
-339 -363 0
-339 -342 0
-339 -371 0
-339 -343 0
-339 -379 0
-339 -344 0
-20 -12 0
-20 -28 0
-20 -21 0
-20 -19 0
-84 -76 0
-84 -92 0
-84 -85 0
-84 -83 0
-84 -68 0
-84 -100 0
-84 -86 0
-84 -82 0
-148 -140 0
-148 -156 0
-148 -149 0
-148 -147 0
-148 -132 0
-148 -164 0
-148 -150 0
-148 -146 0
-148 -172 0
-148 -151 0
-148 -145 0
-212 -204 0
-212 -220 0
-212 -213 0
-212 -211 0
-212 -196 0
-212 -228 0
-212 -214 0
-212 -210 0
-212 -236 0
-212 -215 0
-212 -209 0
-212 -244 0
-212 -216 0
-276 -268 0
-276 -284 0
-276 -277 0
-276 -275 0
-276 -260 0
-276 -292 0
-276 -278 0
-276 -274 0
-276 -300 0
-276 -279 0
-276 -273 0
-276 -308 0
-276 -280 0
-276 -316 0
-340 -332 0
-340 -348 0
-340 -341 0
-340 -339 0
-340 -324 0
-340 -356 0
-340 -342 0
-340 -338 0
-340 -364 0
-340 -343 0
-340 -337 0
-340 -372 0
-340 -344 0
-340 -380 0
-21 -13 0
-21 -29 0
-21 -22 0
-21 -20 0
-85 -77 0
-85 -93 0
-85 -86 0
-85 -84 0
-85 -69 0
-85 -101 0
-85 -87 0
-85 -83 0
-149 -141 0
-149 -157 0
-149 -150 0
-149 -148 0
-149 -133 0
-149 -165 0
-149 -151 0
-149 -147 0
-149 -173 0
-149 -152 0
-149 -146 0
-213 -205 0
-213 -221 0
-213 -214 0
-213 -212 0
-213 -197 0
-213 -229 0
-213 -215 0
-213 -211 0
-213 -237 0
-213 -216 0
-213 -210 0
-213 -245 0
-213 -209 0
-277 -269 0
-277 -285 0
-277 -278 0
-277 -276 0
-277 -261 0
-277 -293 0
-277 -279 0
-277 -275 0
-277 -301 0
-277 -280 0
-277 -274 0
-277 -309 0
-277 -273 0
-277 -317 0
-341 -333 0
-341 -349 0
-341 -342 0
-341 -340 0
-341 -325 0
-341 -357 0
-341 -343 0
-341 -339 0
-341 -365 0
-341 -344 0
-341 -338 0
-341 -373 0
-341 -337 0
-341 -381 0
-22 -14 0
-22 -30 0
-22 -23 0
-22 -21 0
-86 -78 0
-86 -94 0
-86 -87 0
-86 -85 0
-86 -70 0
-86 -102 0
-86 -88 0
-86 -84 0
-150 -142 0
-150 -158 0
-150 -151 0
-150 -149 0
-150 -134 0
-150 -166 0
-150 -152 0
-150 -148 0
-150 -174 0
-150 -147 0
-214 -206 0
-214 -222 0
-214 -215 0
-214 -213 0
-214 -198 0
-214 -230 0
-214 -216 0
-214 -212 0
-214 -238 0
-214 -211 0
-214 -246 0
-214 -210 0
-278 -270 0
-278 -286 0
-278 -279 0
-278 -277 0
-278 -262 0
-278 -294 0
-278 -280 0
-278 -276 0
-278 -302 0
-278 -275 0
-278 -310 0
-278 -274 0
-278 -318 0
-278 -273 0
-342 -334 0
-342 -350 0
-342 -343 0
-342 -341 0
-342 -326 0
-342 -358 0
-342 -344 0
-342 -340 0
-342 -366 0
-342 -339 0
-342 -374 0
-342 -338 0
-342 -382 0
-342 -337 0
-26 -18 0
-26 -34 0
-26 -27 0
-26 -25 0
-90 -82 0
-90 -98 0
-90 -91 0
-90 -89 0
-90 -74 0
-90 -106 0
-90 -92 0
-154 -146 0
-154 -162 0
-154 -155 0
-154 -153 0
-154 -138 0
-154 -170 0
-154 -156 0
-154 -130 0
-154 -178 0
-154 -157 0
-218 -210 0
-218 -226 0
-218 -219 0
-218 -217 0
-218 -202 0
-218 -234 0
-218 -220 0
-218 -194 0
-218 -242 0
-218 -221 0
-218 -250 0
-218 -222 0
-282 -274 0
-282 -290 0
-282 -283 0
-282 -281 0
-282 -266 0
-282 -298 0
-282 -284 0
-282 -258 0
-282 -306 0
-282 -285 0
-282 -314 0
-282 -286 0
-282 -287 0
-346 -338 0
-346 -354 0
-346 -347 0
-346 -345 0
-346 -330 0
-346 -362 0
-346 -348 0
-346 -322 0
-346 -370 0
-346 -349 0
-346 -378 0
-346 -350 0
-346 -351 0
-346 -352 0
-25 -17 0
-25 -33 0
-25 -26 0
-89 -81 0
-89 -97 0
-89 -90 0
-89 -73 0
-89 -105 0
-89 -91 0
-153 -145 0
-153 -161 0
-153 -154 0
-153 -137 0
-153 -169 0
-153 -155 0
-153 -129 0
-153 -177 0
-153 -156 0
-217 -209 0
-217 -225 0
-217 -218 0
-217 -201 0
-217 -233 0
-217 -219 0
-217 -193 0
-217 -241 0
-217 -220 0
-217 -249 0
-217 -221 0
-33 -25 0
-33 -41 0
-33 -34 0
-97 -89 0
-97 -105 0
-97 -98 0
-97 -81 0
-97 -113 0
-97 -99 0
-161 -153 0
-161 -169 0
-161 -162 0
-161 -145 0
-161 -177 0
-161 -163 0
-161 -137 0
-161 -185 0
-161 -164 0
-225 -217 0
-225 -233 0
-225 -226 0
-225 -209 0
-225 -241 0
-225 -227 0
-225 -201 0
-225 -249 0
-225 -228 0
-225 -193 0
-225 -229 0
-41 -33 0
-41 -49 0
-41 -42 0
-105 -97 0
-105 -113 0
-105 -106 0
-105 -89 0
-105 -121 0
-105 -107 0
-169 -161 0
-169 -177 0
-169 -170 0
-169 -153 0
-169 -185 0
-169 -171 0
-169 -145 0
-169 -172 0
-233 -225 0
-233 -241 0
-233 -234 0
-233 -217 0
-233 -249 0
-233 -235 0
-233 -209 0
-233 -236 0
-233 -201 0
-233 -237 0
-49 -41 0
-49 -57 0
-49 -50 0
-113 -105 0
-113 -121 0
-113 -114 0
-113 -97 0
-113 -115 0
-177 -169 0
-177 -185 0
-177 -178 0
-177 -161 0
-177 -179 0
-177 -153 0
-177 -180 0
-241 -233 0
-241 -249 0
-241 -242 0
-241 -225 0
-241 -243 0
-241 -217 0
-241 -244 0
-241 -209 0
-241 -245 0
-27 -19 0
-27 -35 0
-27 -28 0
-27 -26 0
-91 -83 0
-91 -99 0
-91 -92 0
-91 -90 0
-91 -75 0
-91 -107 0
-91 -93 0
-91 -89 0
-155 -147 0
-155 -163 0
-155 -156 0
-155 -154 0
-155 -139 0
-155 -171 0
-155 -157 0
-155 -153 0
-155 -131 0
-155 -179 0
-155 -158 0
-219 -211 0
-219 -227 0
-219 -220 0
-219 -218 0
-219 -203 0
-219 -235 0
-219 -221 0
-219 -217 0
-219 -195 0
-219 -243 0
-219 -222 0
-219 -251 0
-219 -223 0
-34 -26 0
-34 -42 0
-34 -35 0
-34 -33 0
-98 -90 0
-98 -106 0
-98 -99 0
-98 -97 0
-98 -82 0
-98 -114 0
-98 -100 0
-162 -154 0
-162 -170 0
-162 -163 0
-162 -161 0
-162 -146 0
-162 -178 0
-162 -164 0
-162 -138 0
-162 -186 0
-162 -165 0
-226 -218 0
-226 -234 0
-226 -227 0
-226 -225 0
-226 -210 0
-226 -242 0
-226 -228 0
-226 -202 0
-226 -250 0
-226 -229 0
-226 -194 0
-226 -230 0
-35 -27 0
-35 -43 0
-35 -36 0
-35 -34 0
-99 -91 0
-99 -107 0
-99 -100 0
-99 -98 0
-99 -83 0
-99 -115 0
-99 -101 0
-99 -97 0
-163 -155 0
-163 -171 0
-163 -164 0
-163 -162 0
-163 -147 0
-163 -179 0
-163 -165 0
-163 -161 0
-163 -139 0
-163 -187 0
-163 -166 0
-227 -219 0
-227 -235 0
-227 -228 0
-227 -226 0
-227 -211 0
-227 -243 0
-227 -229 0
-227 -225 0
-227 -203 0
-227 -251 0
-227 -230 0
-227 -195 0
-227 -231 0
-42 -34 0
-42 -50 0
-42 -43 0
-42 -41 0
-106 -98 0
-106 -114 0
-106 -107 0
-106 -105 0
-106 -90 0
-106 -122 0
-106 -108 0
-170 -162 0
-170 -178 0
-170 -171 0
-170 -169 0
-170 -154 0
-170 -186 0
-170 -172 0
-170 -146 0
-170 -173 0
-234 -226 0
-234 -242 0
-234 -235 0
-234 -233 0
-234 -218 0
-234 -250 0
-234 -236 0
-234 -210 0
-234 -237 0
-234 -202 0
-234 -238 0
-28 -20 0
-28 -36 0
-28 -29 0
-28 -27 0
-29 -21 0
-29 -37 0
-29 -30 0
-29 -28 0
-93 -85 0
-93 -101 0
-93 -94 0
-93 -92 0
-93 -77 0
-93 -109 0
-93 -95 0
-93 -91 0
-157 -149 0
-157 -165 0
-157 -158 0
-157 -156 0
-157 -141 0
-157 -173 0
-157 -159 0
-157 -155 0
-157 -133 0
-157 -181 0
-157 -160 0
-157 -154 0
-221 -213 0
-221 -229 0
-221 -222 0
-221 -220 0
-221 -205 0
-221 -237 0
-221 -223 0
-221 -219 0
-221 -197 0
-221 -245 0
-221 -224 0
-221 -218 0
-221 -253 0
-221 -217 0
-285 -277 0
-285 -293 0
-285 -286 0
-285 -284 0
-285 -269 0
-285 -301 0
-285 -287 0
-285 -283 0
-285 -261 0
-285 -309 0
-285 -288 0
-285 -282 0
-285 -317 0
-285 -281 0
-349 -341 0
-349 -357 0
-349 -350 0
-349 -348 0
-349 -333 0
-349 -365 0
-349 -351 0
-349 -347 0
-349 -325 0
-349 -373 0
-349 -352 0
-349 -346 0
-349 -381 0
-349 -345 0
-30 -22 0
-30 -38 0
-30 -31 0
-30 -29 0
-94 -86 0
-94 -102 0
-94 -95 0
-94 -93 0
-94 -78 0
-94 -110 0
-94 -96 0
-94 -92 0
-158 -150 0
-158 -166 0
-158 -159 0
-158 -157 0
-158 -142 0
-158 -174 0
-158 -160 0
-158 -156 0
-158 -134 0
-158 -182 0
-158 -155 0
-222 -214 0
-222 -230 0
-222 -223 0
-222 -221 0
-222 -206 0
-222 -238 0
-222 -224 0
-222 -220 0
-222 -198 0
-222 -246 0
-222 -219 0
-222 -254 0
-222 -218 0
-286 -278 0
-286 -294 0
-286 -287 0
-286 -285 0
-286 -270 0
-286 -302 0
-286 -288 0
-286 -284 0
-286 -262 0
-286 -310 0
-286 -283 0
-286 -318 0
-286 -282 0
-286 -281 0
-350 -342 0
-350 -358 0
-350 -351 0
-350 -349 0
-350 -334 0
-350 -366 0
-350 -352 0
-350 -348 0
-350 -326 0
-350 -374 0
-350 -347 0
-350 -382 0
-350 -346 0
-350 -345 0
-36 -28 0
-36 -44 0
-36 -37 0
-36 -35 0
-100 -92 0
-100 -108 0
-100 -101 0
-100 -99 0
-100 -84 0
-100 -116 0
-100 -102 0
-100 -98 0
-164 -156 0
-164 -172 0
-164 -165 0
-164 -163 0
-164 -148 0
-164 -180 0
-164 -166 0
-164 -162 0
-164 -140 0
-164 -188 0
-164 -167 0
-164 -161 0
-228 -220 0
-228 -236 0
-228 -229 0
-228 -227 0
-228 -212 0
-228 -244 0
-228 -230 0
-228 -226 0
-228 -204 0
-228 -252 0
-228 -231 0
-228 -225 0
-228 -196 0
-228 -232 0
-292 -284 0
-292 -300 0
-292 -293 0
-292 -291 0
-292 -276 0
-292 -308 0
-292 -294 0
-292 -290 0
-292 -268 0
-292 -316 0
-292 -295 0
-292 -289 0
-292 -260 0
-292 -296 0
-356 -348 0
-356 -364 0
-356 -357 0
-356 -355 0
-356 -340 0
-356 -372 0
-356 -358 0
-356 -354 0
-356 -332 0
-356 -380 0
-356 -359 0
-356 -353 0
-356 -324 0
-356 -360 0
-37 -29 0
-37 -45 0
-37 -38 0
-37 -36 0
-101 -93 0
-101 -109 0
-101 -102 0
-101 -100 0
-101 -85 0
-101 -117 0
-101 -103 0
-101 -99 0
-165 -157 0
-165 -173 0
-165 -166 0
-165 -164 0
-165 -149 0
-165 -181 0
-165 -167 0
-165 -163 0
-165 -141 0
-165 -189 0
-165 -168 0
-165 -162 0
-229 -221 0
-229 -237 0
-229 -230 0
-229 -228 0
-229 -213 0
-229 -245 0
-229 -231 0
-229 -227 0
-229 -205 0
-229 -253 0
-229 -232 0
-229 -226 0
-229 -197 0
-229 -225 0
-293 -285 0
-293 -301 0
-293 -294 0
-293 -292 0
-293 -277 0
-293 -309 0
-293 -295 0
-293 -291 0
-293 -269 0
-293 -317 0
-293 -296 0
-293 -290 0
-293 -261 0
-293 -289 0
-357 -349 0
-357 -365 0
-357 -358 0
-357 -356 0
-357 -341 0
-357 -373 0
-357 -359 0
-357 -355 0
-357 -333 0
-357 -381 0
-357 -360 0
-357 -354 0
-357 -325 0
-357 -353 0
-44 -36 0
-44 -52 0
-44 -45 0
-44 -43 0
-108 -100 0
-108 -116 0
-108 -109 0
-108 -107 0
-108 -92 0
-108 -124 0
-108 -110 0
-108 -106 0
-172 -164 0
-172 -180 0
-172 -173 0
-172 -171 0
-172 -156 0
-172 -188 0
-172 -174 0
-172 -170 0
-172 -148 0
-172 -175 0
-172 -169 0
-236 -228 0
-236 -244 0
-236 -237 0
-236 -235 0
-236 -220 0
-236 -252 0
-236 -238 0
-236 -234 0
-236 -212 0
-236 -239 0
-236 -233 0
-236 -204 0
-236 -240 0
-300 -292 0
-300 -308 0
-300 -301 0
-300 -299 0
-300 -284 0
-300 -316 0
-300 -302 0
-300 -298 0
-300 -276 0
-300 -303 0
-300 -297 0
-300 -268 0
-300 -304 0
-300 -260 0
-364 -356 0
-364 -372 0
-364 -365 0
-364 -363 0
-364 -348 0
-364 -380 0
-364 -366 0
-364 -362 0
-364 -340 0
-364 -367 0
-364 -361 0
-364 -332 0
-364 -368 0
-364 -324 0
-45 -37 0
-45 -53 0
-45 -46 0
-45 -44 0
-109 -101 0
-109 -117 0
-109 -110 0
-109 -108 0
-109 -93 0
-109 -125 0
-109 -111 0
-109 -107 0
-173 -165 0
-173 -181 0
-173 -174 0
-173 -172 0
-173 -157 0
-173 -189 0
-173 -175 0
-173 -171 0
-173 -149 0
-173 -176 0
-173 -170 0
-237 -229 0
-237 -245 0
-237 -238 0
-237 -236 0
-237 -221 0
-237 -253 0
-237 -239 0
-237 -235 0
-237 -213 0
-237 -240 0
-237 -234 0
-237 -205 0
-237 -233 0
-301 -293 0
-301 -309 0
-301 -302 0
-301 -300 0
-301 -285 0
-301 -317 0
-301 -303 0
-301 -299 0
-301 -277 0
-301 -304 0
-301 -298 0
-301 -269 0
-301 -297 0
-301 -261 0
-365 -357 0
-365 -373 0
-365 -366 0
-365 -364 0
-365 -349 0
-365 -381 0
-365 -367 0
-365 -363 0
-365 -341 0
-365 -368 0
-365 -362 0
-365 -333 0
-365 -361 0
-365 -325 0
-31 -23 0
-31 -39 0
-31 -32 0
-31 -30 0
-95 -87 0
-95 -103 0
-95 -96 0
-95 -94 0
-95 -79 0
-95 -111 0
-95 -93 0
-159 -151 0
-159 -167 0
-159 -160 0
-159 -158 0
-159 -143 0
-159 -175 0
-159 -157 0
-159 -135 0
-159 -183 0
-159 -156 0
-223 -215 0
-223 -231 0
-223 -224 0
-223 -222 0
-223 -207 0
-223 -239 0
-223 -221 0
-223 -199 0
-223 -247 0
-223 -220 0
-223 -255 0
-223 -219 0
-287 -279 0
-287 -295 0
-287 -288 0
-287 -286 0
-287 -271 0
-287 -303 0
-287 -285 0
-287 -263 0
-287 -311 0
-287 -284 0
-287 -319 0
-287 -283 0
-287 -282 0
-351 -343 0
-351 -359 0
-351 -352 0
-351 -350 0
-351 -335 0
-351 -367 0
-351 -349 0
-351 -327 0
-351 -375 0
-351 -348 0
-351 -383 0
-351 -347 0
-351 -346 0
-351 -345 0
-38 -30 0
-38 -46 0
-38 -39 0
-38 -37 0
-102 -94 0
-102 -110 0
-102 -103 0
-102 -101 0
-102 -86 0
-102 -118 0
-102 -104 0
-102 -100 0
-166 -158 0
-166 -174 0
-166 -167 0
-166 -165 0
-166 -150 0
-166 -182 0
-166 -168 0
-166 -164 0
-166 -142 0
-166 -190 0
-166 -163 0
-230 -222 0
-230 -238 0
-230 -231 0
-230 -229 0
-230 -214 0
-230 -246 0
-230 -232 0
-230 -228 0
-230 -206 0
-230 -254 0
-230 -227 0
-230 -198 0
-230 -226 0
-294 -286 0
-294 -302 0
-294 -295 0
-294 -293 0
-294 -278 0
-294 -310 0
-294 -296 0
-294 -292 0
-294 -270 0
-294 -318 0
-294 -291 0
-294 -262 0
-294 -290 0
-294 -289 0
-358 -350 0
-358 -366 0
-358 -359 0
-358 -357 0
-358 -342 0
-358 -374 0
-358 -360 0
-358 -356 0
-358 -334 0
-358 -382 0
-358 -355 0
-358 -326 0
-358 -354 0
-358 -353 0
-39 -31 0
-39 -47 0
-39 -40 0
-39 -38 0
-103 -95 0
-103 -111 0
-103 -104 0
-103 -102 0
-103 -87 0
-103 -119 0
-103 -101 0
-167 -159 0
-167 -175 0
-167 -168 0
-167 -166 0
-167 -151 0
-167 -183 0
-167 -165 0
-167 -143 0
-167 -191 0
-167 -164 0
-231 -223 0
-231 -239 0
-231 -232 0
-231 -230 0
-231 -215 0
-231 -247 0
-231 -229 0
-231 -207 0
-231 -255 0
-231 -228 0
-231 -199 0
-231 -227 0
-295 -287 0
-295 -303 0
-295 -296 0
-295 -294 0
-295 -279 0
-295 -311 0
-295 -293 0
-295 -271 0
-295 -319 0
-295 -292 0
-295 -263 0
-295 -291 0
-295 -290 0
-359 -351 0
-359 -367 0
-359 -360 0
-359 -358 0
-359 -343 0
-359 -375 0
-359 -357 0
-359 -335 0
-359 -383 0
-359 -356 0
-359 -327 0
-359 -355 0
-359 -354 0
-359 -353 0
-40 -32 0
-40 -48 0
-40 -39 0
-104 -96 0
-104 -112 0
-104 -103 0
-104 -88 0
-104 -120 0
-104 -102 0
-168 -160 0
-168 -176 0
-168 -167 0
-168 -152 0
-168 -184 0
-168 -166 0
-168 -144 0
-168 -192 0
-168 -165 0
-232 -224 0
-232 -240 0
-232 -231 0
-232 -216 0
-232 -248 0
-232 -230 0
-232 -208 0
-232 -256 0
-232 -229 0
-232 -200 0
-232 -228 0
-296 -288 0
-296 -304 0
-296 -295 0
-296 -280 0
-296 -312 0
-296 -294 0
-296 -272 0
-296 -320 0
-296 -293 0
-296 -264 0
-296 -292 0
-296 -291 0
-360 -352 0
-360 -368 0
-360 -359 0
-360 -344 0
-360 -376 0
-360 -358 0
-360 -336 0
-360 -384 0
-360 -357 0
-360 -328 0
-360 -356 0
-360 -355 0
-360 -354 0
-47 -39 0
-47 -55 0
-47 -48 0
-47 -46 0
-111 -103 0
-111 -119 0
-111 -112 0
-111 -110 0
-111 -95 0
-111 -127 0
-111 -109 0
-175 -167 0
-175 -183 0
-175 -176 0
-175 -174 0
-175 -159 0
-175 -191 0
-175 -173 0
-175 -151 0
-175 -172 0
-239 -231 0
-239 -247 0
-239 -240 0
-239 -238 0
-239 -223 0
-239 -255 0
-239 -237 0
-239 -215 0
-239 -236 0
-239 -207 0
-239 -235 0
-303 -295 0
-303 -311 0
-303 -304 0
-303 -302 0
-303 -287 0
-303 -319 0
-303 -301 0
-303 -279 0
-303 -300 0
-303 -271 0
-303 -299 0
-303 -263 0
-303 -298 0
-367 -359 0
-367 -375 0
-367 -368 0
-367 -366 0
-367 -351 0
-367 -383 0
-367 -365 0
-367 -343 0
-367 -364 0
-367 -335 0
-367 -363 0
-367 -327 0
-367 -362 0
-367 -361 0
-48 -40 0
-48 -56 0
-48 -47 0
-112 -104 0
-112 -120 0
-112 -111 0
-112 -96 0
-112 -128 0
-112 -110 0
-176 -168 0
-176 -184 0
-176 -175 0
-176 -160 0
-176 -192 0
-176 -174 0
-176 -152 0
-176 -173 0
-240 -232 0
-240 -248 0
-240 -239 0
-240 -224 0
-240 -256 0
-240 -238 0
-240 -216 0
-240 -237 0
-240 -208 0
-240 -236 0
-304 -296 0
-304 -312 0
-304 -303 0
-304 -288 0
-304 -320 0
-304 -302 0
-304 -280 0
-304 -301 0
-304 -272 0
-304 -300 0
-304 -264 0
-304 -299 0
-368 -360 0
-368 -376 0
-368 -367 0
-368 -352 0
-368 -384 0
-368 -366 0
-368 -344 0
-368 -365 0
-368 -336 0
-368 -364 0
-368 -328 0
-368 -363 0
-368 -362 0
-43 -35 0
-43 -51 0
-43 -44 0
-43 -42 0
-107 -99 0
-107 -115 0
-107 -108 0
-107 -106 0
-107 -91 0
-107 -123 0
-107 -109 0
-107 -105 0
-51 -43 0
-51 -59 0
-51 -52 0
-51 -50 0
-115 -107 0
-115 -123 0
-115 -116 0
-115 -114 0
-115 -99 0
-115 -117 0
-115 -113 0
-46 -38 0
-46 -54 0
-46 -47 0
-46 -45 0
-110 -102 0
-110 -118 0
-110 -111 0
-110 -109 0
-110 -94 0
-110 -126 0
-110 -112 0
-110 -108 0
-174 -166 0
-174 -182 0
-174 -175 0
-174 -173 0
-174 -158 0
-174 -190 0
-174 -176 0
-174 -172 0
-174 -150 0
-174 -171 0
-238 -230 0
-238 -246 0
-238 -239 0
-238 -237 0
-238 -222 0
-238 -254 0
-238 -240 0
-238 -236 0
-238 -214 0
-238 -235 0
-238 -206 0
-238 -234 0
-302 -294 0
-302 -310 0
-302 -303 0
-302 -301 0
-302 -286 0
-302 -318 0
-302 -304 0
-302 -300 0
-302 -278 0
-302 -299 0
-302 -270 0
-302 -298 0
-302 -262 0
-302 -297 0
-52 -44 0
-52 -60 0
-52 -53 0
-52 -51 0
-116 -108 0
-116 -124 0
-116 -117 0
-116 -115 0
-116 -100 0
-116 -118 0
-116 -114 0
-180 -172 0
-180 -188 0
-180 -181 0
-180 -179 0
-180 -164 0
-180 -182 0
-180 -178 0
-180 -156 0
-180 -183 0
-180 -177 0
-244 -236 0
-244 -252 0
-244 -245 0
-244 -243 0
-244 -228 0
-244 -246 0
-244 -242 0
-244 -220 0
-244 -247 0
-244 -241 0
-244 -212 0
-244 -248 0
-308 -300 0
-308 -316 0
-308 -309 0
-308 -307 0
-308 -292 0
-308 -310 0
-308 -306 0
-308 -284 0
-308 -311 0
-308 -305 0
-308 -276 0
-308 -312 0
-308 -268 0
-53 -45 0
-53 -61 0
-53 -54 0
-53 -52 0
-117 -109 0
-117 -125 0
-117 -118 0
-117 -116 0
-117 -101 0
-117 -119 0
-117 -115 0
-181 -173 0
-181 -189 0
-181 -182 0
-181 -180 0
-181 -165 0
-181 -183 0
-181 -179 0
-181 -157 0
-181 -184 0
-181 -178 0
-245 -237 0
-245 -253 0
-245 -246 0
-245 -244 0
-245 -229 0
-245 -247 0
-245 -243 0
-245 -221 0
-245 -248 0
-245 -242 0
-245 -213 0
-245 -241 0
-309 -301 0
-309 -317 0
-309 -310 0
-309 -308 0
-309 -293 0
-309 -311 0
-309 -307 0
-309 -285 0
-309 -312 0
-309 -306 0
-309 -277 0
-309 -305 0
-309 -269 0
-54 -46 0
-54 -62 0
-54 -55 0
-54 -53 0
-118 -110 0
-118 -126 0
-118 -119 0
-118 -117 0
-118 -102 0
-118 -120 0
-118 -116 0
-182 -174 0
-182 -190 0
-182 -183 0
-182 -181 0
-182 -166 0
-182 -184 0
-182 -180 0
-182 -158 0
-182 -179 0
-246 -238 0
-246 -254 0
-246 -247 0
-246 -245 0
-246 -230 0
-246 -248 0
-246 -244 0
-246 -222 0
-246 -243 0
-246 -214 0
-246 -242 0
-310 -302 0
-310 -318 0
-310 -311 0
-310 -309 0
-310 -294 0
-310 -312 0
-310 -308 0
-310 -286 0
-310 -307 0
-310 -278 0
-310 -306 0
-310 -270 0
-310 -305 0
-55 -47 0
-55 -63 0
-55 -56 0
-55 -54 0
-119 -111 0
-119 -127 0
-119 -120 0
-119 -118 0
-119 -103 0
-119 -117 0
-183 -175 0
-183 -191 0
-183 -184 0
-183 -182 0
-183 -167 0
-183 -181 0
-183 -159 0
-183 -180 0
-247 -239 0
-247 -255 0
-247 -248 0
-247 -246 0
-247 -231 0
-247 -245 0
-247 -223 0
-247 -244 0
-247 -215 0
-247 -243 0
-311 -303 0
-311 -319 0
-311 -312 0
-311 -310 0
-311 -295 0
-311 -309 0
-311 -287 0
-311 -308 0
-311 -279 0
-311 -307 0
-311 -271 0
-311 -306 0
-50 -42 0
-50 -58 0
-50 -51 0
-50 -49 0
-114 -106 0
-114 -122 0
-114 -115 0
-114 -113 0
-114 -98 0
-114 -116 0
-58 -50 0
-58 -59 0
-58 -57 0
-122 -114 0
-122 -123 0
-122 -121 0
-122 -106 0
-122 -124 0
-56 -48 0
-56 -64 0
-56 -55 0
-120 -112 0
-120 -128 0
-120 -119 0
-120 -104 0
-120 -118 0
-64 -56 0
-64 -63 0
-128 -120 0
-128 -127 0
-128 -112 0
-128 -126 0
-57 -49 0
-57 -58 0
-59 -51 0
-59 -60 0
-59 -58 0
-123 -115 0
-123 -124 0
-123 -122 0
-123 -107 0
-123 -125 0
-123 -121 0
-187 -179 0
-187 -188 0
-187 -186 0
-187 -171 0
-187 -189 0
-187 -185 0
-187 -163 0
-187 -190 0
-251 -243 0
-251 -252 0
-251 -250 0
-251 -235 0
-251 -253 0
-251 -249 0
-251 -227 0
-251 -254 0
-251 -219 0
-251 -255 0
-60 -52 0
-60 -61 0
-60 -59 0
-124 -116 0
-124 -125 0
-124 -123 0
-124 -108 0
-124 -126 0
-124 -122 0
-188 -180 0
-188 -189 0
-188 -187 0
-188 -172 0
-188 -190 0
-188 -186 0
-188 -164 0
-188 -191 0
-188 -185 0
-252 -244 0
-252 -253 0
-252 -251 0
-252 -236 0
-252 -254 0
-252 -250 0
-252 -228 0
-252 -255 0
-252 -249 0
-252 -220 0
-61 -53 0
-61 -62 0
-61 -60 0
-125 -117 0
-125 -126 0
-125 -124 0
-125 -109 0
-125 -127 0
-125 -123 0
-189 -181 0
-189 -190 0
-189 -188 0
-189 -173 0
-189 -191 0
-189 -187 0
-189 -165 0
-189 -186 0
-253 -245 0
-253 -254 0
-253 -252 0
-253 -237 0
-253 -255 0
-253 -251 0
-253 -229 0
-253 -250 0
-253 -221 0
-253 -249 0
-62 -54 0
-62 -63 0
-62 -61 0
-126 -118 0
-126 -127 0
-126 -125 0
-126 -110 0
-126 -124 0
-190 -182 0
-190 -191 0
-190 -189 0
-190 -174 0
-190 -188 0
-190 -166 0
-190 -187 0
-254 -246 0
-254 -255 0
-254 -253 0
-254 -238 0
-254 -252 0
-254 -230 0
-254 -251 0
-254 -222 0
-254 -250 0
-63 -55 0
-63 -62 0
